{
 "cells": [
  {
   "cell_type": "code",
   "execution_count": 1,
   "metadata": {
    "collapsed": true
   },
   "outputs": [],
   "source": [
    "from numpy import *"
   ]
  },
  {
   "cell_type": "code",
   "execution_count": 3,
   "metadata": {
    "collapsed": false
   },
   "outputs": [
    {
     "name": "stdout",
     "output_type": "stream",
     "text": [
      "Populating the interactive namespace from numpy and matplotlib\n"
     ]
    }
   ],
   "source": [
    "%pylab inline"
   ]
  },
  {
   "cell_type": "code",
   "execution_count": 4,
   "metadata": {
    "collapsed": false
   },
   "outputs": [
    {
     "data": {
      "text/plain": [
       "array([[ 0.93418522,  0.34364271,  0.86767324,  0.38795798],\n",
       "       [ 0.57073884,  0.23127913,  0.65055582,  0.56244417],\n",
       "       [ 0.77482643,  0.67737543,  0.39084759,  0.97630164],\n",
       "       [ 0.00841093,  0.03362005,  0.68215172,  0.86963452]])"
      ]
     },
     "execution_count": 4,
     "metadata": {},
     "output_type": "execute_result"
    }
   ],
   "source": [
    "random.rand(4,4)"
   ]
  },
  {
   "cell_type": "code",
   "execution_count": 5,
   "metadata": {
    "collapsed": true
   },
   "outputs": [],
   "source": [
    "randMat = mat(random.rand(4,4))"
   ]
  },
  {
   "cell_type": "code",
   "execution_count": 6,
   "metadata": {
    "collapsed": false
   },
   "outputs": [
    {
     "data": {
      "text/plain": [
       "matrix([[ 0.50976154,  0.33738195,  0.30436904,  0.65993965],\n",
       "        [ 0.76034648,  0.67721113,  0.72650521,  0.07774253],\n",
       "        [ 0.51038906,  0.61816499,  0.27038907,  0.05246675],\n",
       "        [ 0.74959539,  0.98415879,  0.85278704,  0.28237036]])"
      ]
     },
     "execution_count": 6,
     "metadata": {},
     "output_type": "execute_result"
    }
   ],
   "source": [
    "randMat"
   ]
  },
  {
   "cell_type": "code",
   "execution_count": 7,
   "metadata": {
    "collapsed": false
   },
   "outputs": [
    {
     "data": {
      "text/plain": [
       "matrix([[ 0.93812391,  2.86829968,  1.55304244, -3.27080043],\n",
       "        [-0.6704461 , -2.7139002 ,  1.80706692,  1.97835385],\n",
       "        [-0.50297445,  1.04447175, -3.2426468 ,  1.49046815],\n",
       "        [ 1.36537753, -1.30986645, -0.62792376,  0.82767426]])"
      ]
     },
     "execution_count": 7,
     "metadata": {},
     "output_type": "execute_result"
    }
   ],
   "source": [
    "randMat.I"
   ]
  },
  {
   "cell_type": "code",
   "execution_count": 8,
   "metadata": {
    "collapsed": false
   },
   "outputs": [
    {
     "data": {
      "text/plain": [
       "matrix([[  1.00000000e+00,   0.00000000e+00,   4.44089210e-16,\n",
       "           0.00000000e+00],\n",
       "        [  0.00000000e+00,   1.00000000e+00,   2.22044605e-16,\n",
       "           0.00000000e+00],\n",
       "        [ -4.44089210e-16,   0.00000000e+00,   1.00000000e+00,\n",
       "           0.00000000e+00],\n",
       "        [  0.00000000e+00,   1.11022302e-16,   0.00000000e+00,\n",
       "           1.00000000e+00]])"
      ]
     },
     "execution_count": 8,
     "metadata": {},
     "output_type": "execute_result"
    }
   ],
   "source": [
    "randMat.I * randMat"
   ]
  },
  {
   "cell_type": "code",
   "execution_count": 9,
   "metadata": {
    "collapsed": false
   },
   "outputs": [
    {
     "data": {
      "text/plain": [
       "array([[ 1.,  0.,  0.,  0.],\n",
       "       [ 0.,  1.,  0.,  0.],\n",
       "       [ 0.,  0.,  1.,  0.],\n",
       "       [ 0.,  0.,  0.,  1.]])"
      ]
     },
     "execution_count": 9,
     "metadata": {},
     "output_type": "execute_result"
    }
   ],
   "source": [
    "eye(4)"
   ]
  },
  {
   "cell_type": "code",
   "execution_count": null,
   "metadata": {
    "collapsed": true
   },
   "outputs": [],
   "source": []
  }
 ],
 "metadata": {
  "kernelspec": {
   "display_name": "Python 2",
   "language": "python",
   "name": "python2"
  },
  "language_info": {
   "codemirror_mode": {
    "name": "ipython",
    "version": 2
   },
   "file_extension": ".py",
   "mimetype": "text/x-python",
   "name": "python",
   "nbconvert_exporter": "python",
   "pygments_lexer": "ipython2",
   "version": "2.7.12"
  }
 },
 "nbformat": 4,
 "nbformat_minor": 0
}
